0 0.134 0.267169 0.038 0.112228
0 0.1705 0.279732 0.025 0.123953
0 0.465 0.389447 0.024 0.105528
0 0.3 0.505863 0.054 0.053601
0 0.266 0.600503 0.036 0.092127
0 0.712 0.448074 0.044 0.108878
0 0.742 0.571189 0.054 0.040201
0 0.7705 0.639866 0.023 0.090452
1 0.0605 0.370184 0.037 0.067002
1 0.1045 0.360134 0.035 0.080402
1 0.461 0.542714 0.04 0.050251
1 0.336 0.271357 0.054 0.056951
1 0.4015 0.335846 0.025 0.078727
1 0.397 0.425461 0.024 0.070352
1 0.3805 0.58459 0.021 0.077052
2 0.3345 0.129816 0.043 0.058626
2 0.137 0.620603 0.044 0.075377
2 0.1715 0.61139 0.029 0.080402
2 0.4645 0.643216 0.043 0.053601
2 0.71 0.634003 0.048 0.061977
2 0.8315 0.854271 0.043 0.090452
2 0.9005 0.20603 0.061 0.083752
3 0.19 0.4866 0.066 0.132328
3 0.8935 0.505025 0.081 0.155779
4 0.542 0.462312 0.132 0.38526
