0 0.284021 0.389571 0.073196 0.064417
0 0.221134 0.599693 0.038144 0.09816
0 0.535567 0.842791 0.034021 0.096626
0 0.531959 0.193252 0.030928 0.09816
0 0.731443 0.469325 0.036082 0.082822
0 0.729381 0.572086 0.034021 0.092025
1 0.35567 0.145706 0.045361 0.058282
1 0.15 0.533742 0.036082 0.058282
1 0.286598 0.33589 0.039175 0.070552
1 0.361856 0.716258 0.047423 0.042945
1 0.435052 0.720859 0.047423 0.04908
1 0.476289 0.148773 0.045361 0.06135
2 0.536082 0.359663 0.045361 0.075153
2 0.529897 0.447086 0.045361 0.078221
2 0.531443 0.57592 0.036082 0.078221
2 0.531443 0.657209 0.042268 0.069018
3 0.606186 0.258436 0.08866 0.136503
3 0.698969 0.359663 0.090722 0.127301
3 0.703093 0.67408 0.08866 0.121166
3 0.606186 0.768405 0.101031 0.134969
