0 0.275879 0.160356 0.036133 0.124722
0 0.365723 0.080178 0.055664 0.075724
0 0.270508 0.328508 0.03125 0.126949
0 0.301758 0.327394 0.033203 0.129176
0 0.208008 0.616927 0.033203 0.120267
0 0.11377 0.502227 0.063477 0.064588
0 0.270996 0.778396 0.041992 0.140312
0 0.473633 0.82294 0.029297 0.131403
0 0.373535 0.593541 0.026367 0.109131
0 0.529297 0.164811 0.025391 0.129176
0 0.571289 0.26392 0.056641 0.082405
0 0.604492 0.369711 0.021484 0.115813
0 0.553711 0.669265 0.025391 0.122494
0 0.524414 0.707127 0.025391 0.135858
0 0.563477 0.919822 0.050781 0.075724
1 0.186035 0.164811 0.045898 0.075724
1 0.157227 0.594655 0.044922 0.048998
1 0.183594 0.502227 0.023438 0.091314
1 0.370606 0.737194 0.045898 0.053452
1 0.23877 0.922049 0.024414 0.097996
1 0.605469 0.169265 0.042969 0.062361
1 0.425781 0.576837 0.019531 0.093541
2 0.604492 0.544543 0.033203 0.051225
2 0.605957 0.619154 0.026367 0.066815
2 0.603516 0.693764 0.03125 0.064588
3 0.322266 0.5 0.066406 0.162584
3 0.250977 0.503341 0.064453 0.155902
3 0.651856 0.253898 0.06543 0.142539
3 0.741699 0.255011 0.075195 0.149221
3 0.740234 0.76392 0.072266 0.13363
3 0.654297 0.761693 0.064453 0.142539
