0 0.270996 0.16147 0.030273 0.113586
0 0.369629 0.077951 0.055664 0.057906
0 0.529785 0.165924 0.026367 0.131403
0 0.568848 0.258352 0.049805 0.053452
0 0.302246 0.328508 0.024414 0.109131
0 0.270508 0.331849 0.025391 0.111359
0 0.208496 0.620267 0.030273 0.11804
0 0.273926 0.776169 0.02832 0.11804
0 0.37207 0.595768 0.025391 0.11804
0 0.448242 0.507795 0.058594 0.044543
0 0.557129 0.670379 0.020508 0.111359
0 0.669922 0.577951 0.021484 0.11804
1 0.183594 0.163697 0.042969 0.060134
1 0.155762 0.597996 0.036133 0.037862
1 0.184082 0.505568 0.022461 0.075724
1 0.372559 0.734967 0.040039 0.048998
1 0.871094 0.765033 0.037109 0.046771
1 0.241211 0.920935 0.021484 0.082405
2 0.604004 0.552339 0.026367 0.057906
2 0.604004 0.615813 0.030273 0.051225
2 0.603027 0.682628 0.02832 0.051225
3 0.251953 0.505568 0.060547 0.138085
3 0.318848 0.505568 0.063477 0.138085
3 0.450684 0.68931 0.061523 0.144766
3 0.653809 0.256125 0.063477 0.146993
3 0.739746 0.250557 0.063477 0.135858
3 0.818359 0.257238 0.056641 0.144766
3 0.81543 0.759466 0.0625 0.151448
