0 0.172857 0.083916 0.1 0.074592
0 0.167857 0.377622 0.047143 0.158508
0 0.835 0.292541 0.05 0.170163
1 0.500714 0.848485 0.055714 0.079254
1 0.23 0.292541 0.048571 0.090909
2 0.081429 0.08042 0.06 0.104895
2 0.678571 0.083916 0.065714 0.11655
2 0.331429 0.188811 0.06 0.083916
2 0.337143 0.347319 0.06 0.097902
2 0.835714 0.566434 0.077143 0.121212
5 0.506429 0.280886 0.047143 0.188811
5 0.564286 0.277389 0.042857 0.195804
4 0.358571 0.693473 0.234286 0.421911
4 0.665 0.738928 0.204286 0.247086
7 0.965 0.513986 0.064286 0.170163
7 0.04 0.51049 0.06 0.158508
