0 0.348438 0.296642 0.071875 0.067164
0 0.297656 0.486008 0.039063 0.080224
0 0.117969 0.577425 0.048438 0.039179
0 0.394531 0.581157 0.048438 0.046642
0 0.466406 0.51306 0.029688 0.070896
0 0.553125 0.342351 0.028125 0.065299
0 0.552344 0.422575 0.029688 0.061567
0 0.589844 0.467351 0.048438 0.04291
1 0.221875 0.324627 0.05 0.041045
1 0.2 0.636194 0.03125 0.037313
1 0.369531 0.701493 0.032813 0.041045
1 0.780469 0.334888 0.039063 0.046642
3 0.703906 0.449627 0.082813 0.108209
3 0.707031 0.734142 0.073438 0.106343
3 0.533594 0.63806 0.045313 0.063433
3 0.342188 0.574627 0.04375 0.059701
3 0.241406 0.58209 0.048438 0.048507
