0 0.347656 0.297575 0.060938 0.046642
0 0.292969 0.488806 0.039063 0.078358
0 0.554688 0.348881 0.034375 0.067164
0 0.589063 0.460821 0.053125 0.033582
0 0.550781 0.425373 0.029688 0.05597
0 0.465625 0.51306 0.025 0.070896
0 0.395313 0.583022 0.053125 0.039179
0 0.36875 0.643657 0.03125 0.067164
0 0.155469 0.629664 0.035938 0.057836
1 0.225 0.329291 0.040625 0.04291
1 0.204688 0.636194 0.0375 0.022388
1 0.764063 0.688433 0.028125 0.026119
1 0.789844 0.815299 0.026563 0.022388
3 0.707813 0.446828 0.078125 0.087687
3 0.704688 0.739739 0.06875 0.110075
3 0.528906 0.64459 0.045313 0.046642
3 0.525 0.810634 0.040625 0.054104
