0 0.374641 0.164118 0.01796 0.043529
0 0.375 0.107647 0.015805 0.045882
0 0.166308 0.331177 0.015086 0.045882
0 0.421695 0.340588 0.018678 0.045882
1 0.082256 0.138235 0.02227 0.031765
1 0.335489 0.163529 0.024425 0.023529
1 0.335848 0.104706 0.025144 0.028235
1 0.438218 0.111177 0.022989 0.024706
1 0.517601 0.041765 0.016523 0.036471
1 0.520833 0.438824 0.021552 0.023529
1 0.543104 0.438824 0.017241 0.028235
1 0.656609 0.339412 0.027299 0.022353
2 0.272629 0.118235 0.019397 0.027059
2 0.475934 0.367647 0.020833 0.024706
2 0.518319 0.358824 0.025144 0.023529
2 0.546336 0.333529 0.019397 0.029412
2 0.56681 0.371177 0.025862 0.024706
2 0.496767 0.420588 0.020833 0.024706
2 0.498563 0.465294 0.020115 0.029412
2 0.50467 0.075882 0.02227 0.043529
2 0.503951 0.194706 0.015086 0.043529
2 0.130029 0.440588 0.014368 0.038824
2 0.130388 0.521765 0.015086 0.043529
2 0.094468 0.403529 0.01796 0.035294
2 0.063578 0.464706 0.019397 0.035294
3 0.151221 0.355882 0.01796 0.041176
3 0.200072 0.403529 0.01796 0.037647
3 0.242816 0.404706 0.018678 0.037647
3 0.587285 0.372353 0.019397 0.038824
3 0.60704 0.197059 0.018678 0.043529
3 0.605963 0.072353 0.020833 0.043529
4 0.398348 0.483529 0.128592 0.087059
4 0.528017 0.721765 0.048851 0.107059
4 0.796695 0.759412 0.071839 0.071765
4 0.302443 0.792353 0.068966 0.074118
5 0.313218 0.074118 0.037356 0.018824
5 0.154454 0.075294 0.033046 0.014118
5 0.547055 0.275294 0.038075 0.023529
5 0.49569 0.277647 0.03592 0.016471
5 0.180316 0.899412 0.012931 0.055294
5 0.167026 0.815294 0.010776 0.056471
7 0.954382 0.695882 0.035201 0.06
