0 0.274927 0.671212 0.039589 0.142424
0 0.516862 0.683333 0.039589 0.124242
0 0.554252 0.674242 0.038123 0.130303
0 0.475806 0.604546 0.06305 0.081818
0 0.240469 0.680303 0.041056 0.124242
0 0.196481 0.607576 0.070381 0.087879
0 0.434018 0.407576 0.041056 0.130303
0 0.753666 0.604546 0.067449 0.081818
1 0.178153 0.137879 0.060117 0.057576
1 0.082111 0.398485 0.061584 0.069697
1 0.365103 0.139394 0.070381 0.090909
1 0.244868 0.827273 0.055718 0.072727
1 0.522727 0.821212 0.065982 0.060606
1 0.79912 0.825758 0.058651 0.063636
1 0.670088 0.313636 0.032258 0.130303
5 0.321848 0.315152 0.07478 0.078788
5 0.116569 0.307576 0.068915 0.069697
5 0.599707 0.307576 0.076246 0.081818
5 0.623167 0.759091 0.073314 0.069697
5 0.340909 0.766667 0.071848 0.060606
3 0.214809 0.34697 0.089443 0.1
3 0.489736 0.34697 0.085044 0.1
3 0.765396 0.34697 0.082111 0.1
