0 0.276393 0.674242 0.048387 0.154546
0 0.239736 0.674242 0.039589 0.130303
0 0.199414 0.607576 0.076246 0.093939
0 0.480205 0.609091 0.068915 0.078788
0 0.559384 0.677273 0.039589 0.124242
0 0.434751 0.39697 0.036657 0.133333
0 0.798387 0.680303 0.036657 0.130303
0 0.832845 0.674242 0.046921 0.142424
1 0.182551 0.140909 0.068915 0.112121
1 0.362903 0.125758 0.065982 0.087879
1 0.239736 0.824242 0.065982 0.072727
1 0.084311 0.390909 0.05132 0.090909
1 0.390763 0.307576 0.030792 0.142424
1 0.640029 0.143939 0.057185 0.093939
3 0.211877 0.336364 0.095308 0.127273
3 0.489736 0.340909 0.085044 0.136364
3 0.767595 0.339394 0.092375 0.133333
5 0.321114 0.309091 0.076246 0.078788
5 0.599707 0.316667 0.079179 0.081818
5 0.623167 0.765152 0.073314 0.057576
5 0.344575 0.759091 0.073314 0.075758
