0 0.118918 0.206624 0.029314 0.032051
0 0.167724 0.203633 0.024176 0.020085
0 0.243276 0.203419 0.027199 0.030769
0 0.315654 0.203205 0.024479 0.023504
0 0.387882 0.204274 0.026896 0.030769
0 0.162285 0.329701 0.028407 0.032051
0 0.119371 0.328419 0.023572 0.026923
0 0.553339 0.246795 0.019946 0.029487
0 0.591266 0.509615 0.020248 0.019231
0 0.639468 0.601282 0.024781 0.021368
0 0.572681 0.584615 0.027199 0.021368
0 0.755666 0.413034 0.018435 0.029487
0 0.695225 0.384402 0.018435 0.034615
0 0.514808 0.646795 0.023874 0.025214
0 0.468722 0.645727 0.024781 0.020513
0 0.438803 0.647863 0.021154 0.023077
1 0.455727 0.707265 0.014506 0.019658
1 0.438501 0.686539 0.012088 0.028632
1 0.602146 0.722009 0.018435 0.014103
1 0.731188 0.445727 0.014204 0.021368
1 0.644908 0.43718 0.01511 0.023932
1 0.66848 0.483974 0.011484 0.02265
1 0.654427 0.479701 0.011786 0.028632
1 0.64249 0.215385 0.016924 0.016239
2 0.65337 0.141667 0.008462 0.019231
2 0.668933 0.145086 0.010577 0.02094
2 0.660471 0.206838 0.011182 0.011966
2 0.659867 0.227778 0.009973 0.012821
2 0.65337 0.263889 0.010275 0.014957
2 0.467362 0.200427 0.019643 0.02735
2 0.668329 0.26688 0.009973 0.020085
2 0.501209 0.382479 0.011786 0.018803
3 0.136597 0.168803 0.02599 0.026496
3 0.202629 0.16688 0.025083 0.029487
3 0.278785 0.167521 0.026896 0.028205
3 0.354035 0.171368 0.031127 0.035897
3 0.504533 0.171795 0.026896 0.031624
3 0.530523 0.129487 0.027501 0.023932
3 0.15337 0.625214 0.020852 0.04188
3 0.154578 0.683974 0.018435 0.028632
3 0.214869 0.624145 0.021154 0.036325
3 0.212904 0.68547 0.022665 0.033333
4 0.290118 0.402564 0.039287 0.061538
4 0.286945 0.508761 0.032336 0.053419
4 0.400725 0.403846 0.048353 0.07094
4 0.487005 0.549573 0.040193 0.046154
4 0.4246 0.76688 0.030825 0.050855
4 0.65896 0.540385 0.057721 0.083333
4 0.810064 0.559829 0.042611 0.046154
4 0.743578 0.751282 0.034149 0.055556
4 0.659716 0.715171 0.029012 0.056838
6 0.068299 0.598932 0.041704 0.062821
6 0.742369 0.275855 0.045633 0.108974
6 0.741765 0.153419 0.035963 0.111111
6 0.831973 0.252778 0.038682 0.065385
6 0.829405 0.151068 0.039589 0.103846
