0 0.28956 0.155136 0.053834 0.113208
0 0.403752 0.483229 0.073409 0.052411
0 0.756118 0.429769 0.040783 0.100629
0 0.747145 0.607967 0.042414 0.096436
0 0.628874 0.808176 0.083197 0.052411
0 0.335237 0.644654 0.040783 0.090147
0 0.17863 0.471698 0.050571 0.113208
1 0.119902 0.163522 0.044046 0.067086
1 0.144372 0.65304 0.030995 0.052411
1 0.402121 0.765199 0.047308 0.02935
1 0.334421 0.766247 0.042414 0.048218
1 0.840946 0.675052 0.050571 0.041929
3 0.545677 0.167715 0.070147 0.100629
3 0.74062 0.253669 0.094617 0.104822
3 0.46248 0.401468 0.070147 0.090147
3 0.553834 0.719078 0.076672 0.100629
3 0.729201 0.801887 0.081566 0.09434
3 0.23491 0.661426 0.078303 0.102725
